exponential(0) = 1
exponential(1) = 2.71828
exponential(2) = 7.38906
exponential(2) = 7.38906
factorial(9) = 362880
factorial(10) = 3628800
lucky(1) = 7
lucky(2) = 14
lucky(3) = 21
lucky(4) = 28
lucky(5) = 35
lucky(6) = 42
lucky(7) = 49
lucky(8) = 56
lucky(9) = 63
lucky(10) = 70
lucky(10) = 70
exponential(0) = 1
exponential(1) = 2.71828
exponential(2) = 7.38906
exponential(2) = 7.38906
exponential(1) = 2.71828
exponential(3) = 20.0855
exponential(3) = 20.0855
